1000012
1002222
1008805
1019240
1019323
1026608
1028572
1031644
1041435
1041513
1045404
1046551
1047882
1053080
1063383
1084153
1085791
1098280
1099846
1101978
1103445
1106210
1111098
1113000
1124177
1124454
1127008
1131529
1136910
1139663
1148813
1161080
1174094
1190295
1190490
1196278
1205388
1210411
1223740
1233597
1242825
1267391
1280947
1281986
1288048
1288346
1292501
1301386
1305572
1312628
1325969
1328504
1330443
1333049
1333682
1334230
1347901
1350761
1355448
1360691
1372613
1372810
1375485
1377708
1377938
1389092
1396351
1401998
1414933
1419443
1428634
1434503
1456364
1458092
1458416
1464132
1475182
1510719
1512418
1521115
1534760
1540740
1541062
1546687
1560652
1562727
1567159
1572471
1580050
1595570
1597721
1604449
1624756
1627073
1632282
1632974
1642743
1643445
1649613
1656218
1660433
1661656
1683292
1688337
1694475
1708844
1710767
1713145
1713965
1723326
1741216
1743858
1747023
1748524
1763425
1764681
1766783
1769494
1777531
1778220
1778283
1790455
1794077
1797252
1804421
1816512
1818088
1841840
1842012
1843394
1848411
1855860
1858303
1864808
1866050
1873136
1873342
1873464
1876069
1884568
1898720
1906808
1910863
1922806
1931372
1952324
1959956
1962878
2004806
2007778
2010916
2011180
2011611
2014325
2021698
2024452
2027648
2031083
2039765
2059252
2077836
2093246
2094283
2107953
2112130
2112842
2121350
2124523
2124849
2128238
2131544
2135911
2137689
2139663
2140185
2146281
2146753
2154287
2159399
2159669
2160184
2169158
2177507
2178468
2180896
2181712
2182164
2183173
2186944
2189310
2189511
2189909
2191030
2192419
2193127
2199247
2209339
2210288
2215985
2224547
2239174
2258708
2260522
2261806
2263792
2266987
2272103
2278770
2282079
2284306
2296739
2303691
2308908
2310800
2314700
2323419
2327679
2329030
2378152
2383304
2386819
2387852
2391652
2405746
2410718
2415181
2419028
2420862
2421756
2439773
2445582
2446232
2447509
2450717
2451572
2467189
2469393
2469623
2470744
2477355
2477642
2479931
2484305
2484900
2487024
2487203
2500082
2504479
2518345
2518527
2522351
2529177
2537392
2540198
2557305
2564807
2567050
2567997
2580472
2587873
2595532
2597184
2598133
2604100
2622117
2626940
2634443
2637602
2639429
2642288
2650442
2651779
2654987
2655705
2657716
2659230
2659264
2659585
2661859
2666384
2666999
2668161
2687403
2688408
2690013
2691970
2696371
2701102
2702169
2708946
2711623
2719280
2722904
2730988
2731321
2733257
2735877
2743671
2754807
2757714
2758103
2771553
2773905
2776264
2778520
2800908
2811160
2819336
2825090
2827891
2836512
2837726
2838019
2839472
2843267
2850887
2862542
2869419
2870861
2875256
2876293
2883907
2885686
2891690
2905096
2905111
2906535
2909203
2915083
2919949
2920246
2921243
2924990
2938442
2942446
2942992
2955865
2965324
2970507
2972612
2975019
2982396
2987185
2987465
2989007
3002536
3013635
3013851
3026688
3027475
3034027
3036516
3037558
3041584
3059848
3067052
3070204
3070536
3076641
3077977
3080843
3082674
3083953
3084336
3098907
3117643
3119274
3122368
3123190
3145859
3154894
3156512
3156961
3166471
3176725
3179174
3188398
3204384
3208152
3223069
3225626
3225839
3229844
3230417
3245796
3247905
3249968
3261460
3262388
3266340
3276307
3276513
3295142
3295745
3305789
3306212
3313982
3314361
3315541
3316467
3318806
3324674
3326289
3334142
3334774
3361359
3363901
3367623
3368407
3377023
3397652
3411450
3415679
3417454
3423242
3427707
3435762
3440359
3456522
3459582
3459647
3468786
3474091
3493514
3502735
3516578
3519868
3524075
3527011
3533369
3539945
3548676
3549884
3568928
3572628
3579877
3579888
3582260
3606475
3609315
3614632
3615873
3623791
3624756
3625782
3626663
3627260
3631892
3636625
3641453
3641565
3649751
3656387
3664535
3665173
3672572
3672876
3683183
3684533
3685434
3688251
3695117
3696095
3699894
3711305
3713322
3714021
3714354
3718759
3723126
3727087
3737757
3752098
3766241
3766936
3767466
3775936
3779961
3785625
3789198
3794878
3794994
3796246
3801302
3802966
3809036
3819188
3827035
3830816
3836059
3841487
3847491
3849477
3849916
3850415
3862729
3886998
3892075
3896079
3899345
3901700
3905912
3918029
3938059
3959332
3965849
3978758
3984602
3997340
3999725
4008319
4021246
4023260
4023291
4023335
4029364
4029367
4033128
4038510
4038691
4042312
4050342
4052757
4074946
4075990
4077709
4086803
4090048
4093887
4097471
4099112
4104880
4107988
4108694
4115290
4119789
4120951
4121993
4129994
4141404
4147624
4154340
4163641
4164803
4166219
4186531
4194540
4202652
4203588
4205199
4209380
4211476
4212094
4224431
4245204
4266234
4275743
4281127
4282040
4285581
4294165
4294669
4300127
4300550
4316697
4328608
4329454
4340077
4342326
4366509
4380356
4388341
4388689
4393198
4398956
4399161
4402777
4403947
4405137
4423952
4430329
4430944
4432942
4433134
4454313
4457621
4458807
4462477
4469959
4474086
4476008
4504720
4506535
4518281
4519826
4520778
4526531
4537539
4538512
4548488
4549704
4564400
4566105
4570126
4586849
4588399
4595410
4598681
4609540
4609878
4622554
4624568
4627600
4637529
4641213
4654301
4667818
4669750
4674343
4675683
4677667
4681283
4682217
4684608
4688018
4688059
4691894
4698558
4701182
4711834
4717521
4723685
4732918
4741957
4751104
4766508
4782399
4783962
4794741
4795463
4796225
4800751
4808934
4815882
4827000
4831447
4832997
4834272
4846435
4847780
4867535
4881927
4888460
4907196
4918521
4925789
4926498
4935496
4937914
4942255
4947143
4953782
4961598
4965566
4965683
4966290
4968345
4970565
4973923
4977008
4979575
4980563
4988081
4988105
5013101
5016764
5022366
5034335
5034369
5056445
5064113
5065753
5082610
5087214
5089993
5091218
5095017
5118661
5121728
5125389
5125428
5135272
5135323
5135967
5137590
5138578
5145437
5147600
5149705
5163511
5181903
5183372
5186191
5194468
5203122
5206642
5216541
5231034
5234014
5236531
5244556
5245140
5268885
5277079
5278057
5284367
5295719
5297521
5300777
5304180
5309492
5309566
5324407
5325902
5330354
5331875
5332140
5337586
5337757
5344897
5350572
5351459
5353740
5355833
5372748
5376338
5381142
5388617
5398721
5400913
5409004
5421956
5426115
5427415
5438546
5440555
5444421
5448361
5451984
5455717
5473382
5473392
5483765
5487662
5490365
5503282
5503539
5511643
5521869
5522249
5526913
5527276
5527398
5554368
5555354
5562550
5565962
5574244
5574453
5576427
5605341
5605558
5609643
5617308
5623365
5634649
5640389
5642525
5643826
5645311
5647838
5649552
5651238
5656075
5666965
5669036
5672847
5708357
5709622
5717772
5723111
5725923
5729078
5742388
5750374
5751108
5752763
5762905
5764835
5779031
5779276
5781603
5782067
5782929
5783798
5791882
5794021
5794262
5797180
5801027
5801260
5810903
5817083
5829581
5834244
5838804
5847291
5848257
5853675
5855600
5864203
5866220
5891300
5905244
5906283
5909216
5913674
5921894
5925102
5926525
5936154
5941365
5941548
5945575
5953142
5963238
5964787
5984888
5996198
6001803
6015927
6017238
6017348
6025202
6037529
6038740
6047410
6052532
6057628
6058927
6063198
6063634
6071457
6082745
6097437
6108876
6108949
6109948
6110639
6119725
6124698
6130968
6133198
6139238
6154457
6156977
6162567
6167098
6172799
6173531
6179475
6179750
6204808
6207136
6216872
6222313
6224216
6236106
6257566
6263500
6283464
6287255
6288759
6298908
6308795
6324238
6327073
6329284
6338054
6350869
6351178
6354723
6358019
6365288
6373388
6374702
6375727
6375931
6387524
6394077
6395012
6398817
6399975
6406622
6410510
6416806
6419541
6420746
6423886
6429491
6431542
6434179
6438003
6450181
6451679
6458993
6461435
6468856
6471484
6476592
6483329
6488116
6488917
6499668
6505673
6514887
6517966
6522784
6522785
6524927
6552717
6559480
6573744
6575919
6577047
6588771
6594762
6598644
6599867
6603136
6603433
6609304
6621269
6632892
6634056
6636679
6637222
6641527
6664401
6669153
6670996
6675741
6687750
6698230
6701148
6708899
6710821
6730946
6737699
6740736
6767740
6774285
6780099
6789196
6790721
6791179
6801228
6815149
6815592
6828232
6847483
6848011
6855496
6867848
6869438
6869551
6869649
6870208
6878339
6889039
6894406
6901365
6902593
6906410
6909246
6916661
6921579
6924351
6947916
6955104
6969425
6991668
6996072
6996769
7001367
7003827
7005354
7015215
7026176
7026203
7027573
7045868
7047113
7049175
7055601
7068778
7072047
7075596
7075638
7080949
7084148
7099388
7099559
7103624
7103787
7104408
7106748
7115889
7117673
7127631
7129937
7134180
7143143
7157703
7161603
7164523
7166998
7167420
7172984
7175690
7185477
7195358
7199950
7203591
7225643
7228244
7229315
7237518
7257584
7260735
7268319
7269103
7271199
7273467
7277086
7286842
7287551
7289783
7291421
7298731
7302869
7307161
7308724
7309887
7310371
7313051
7313192
7313941
7318284
7338037
7340423
7340953
7351670
7362064
7362662
7369036
7375183
7378632
7385998
7393872
7403636
7407136
7417683
7423421
7432478
7444448
7451621
7463027
7470600
7477701
7479099
7484263
7496226
7506931
7511714
7511964
7522494
7524685
7534950
7535418
7545916
7552580
7566187
7585291
7588073
7600232
7611509
7612370
7618827
7626466
7641576
7644062
7647254
7651739
7652029
7656796
7680463
7698481
7701399
7706670
7716306
7717527
7725551
7727638
7733629
7753324
7756592
7761181
7766365
7772067
7785490
7790206
7793707
7795972
7799213
7800745
7813117
7813786
7817888
7827760
7828117
7830589
7833271
7836885
7837396
7843796
7844416
7880167
7880887
7882759
7883528
7892955
7894188
7897222
7903557
7907896
7912987
7920525
7931260
7940124
7940429
7942212
7947293
7954508
7960435
7964946
7968942
7970549
7972104
7972255
7981733
7982791
7983377
7988553
7992702
8004557
8010867
8013973
8020197
8026717
8030641
8031957
8034538
8036623
8046860
8061441
8063821
8065666
8065860
8069555
8077912
8095821
8101996
8116732
8120484
8120818
8131234
8149983
8153414
8161760
8162960
8172487
8183391
8187675
8193024
8201225
8222471
8223158
8227842
8250005
8252447
8256616
8259669
8264647
8267904
8275523
8279325
8285749
8285868
8289400
8294053
8296560
8306144
8306844
8308598
8323160
8323214
8332798
8334370
8335933
8337720
8346519
8364391
8368189
8375188
8376707
8382398
8403784
8408446
8408814
8409939
8424388
8427885
8440899
8449129
8449609
8466886
8473811
8474256
8474308
8477749
8480543
8482681
8491544
8501574
8503922
8505928
8508686
8512920
8519878
8528827
8540407
8547296
8561303
8565320
8565337
8569322
8576129
8576361
8581278
8582743
8585016
8585428
8593337
8608081
8610062
8623127
8632148
8638910
8639360
8642483
8644212
8650632
8651829
8664764
8680777
8682192
8685074
8691967
8692199
8693823
8706662
8719847
8726149
8727160
8730351
8736122
8743919
8762565
8787057
8805689
8809746
8813104
8813689
8838064
8839523
8843459
8854639
8867256
8894939
8895094
8916474
8917479
8931143
8937620
8944489
8955217
8955396
8955959
8960532
8967040
8972279
8980975
8981011
8984404
8989349
8998026
9005201
9008039
9015545
9017706
9028435
9043495
9045286
9045774
9055530
9060962
9062351
9065757
9073557
9074295
9077771
9078075
9086845
9103134
9103831
9104145
9127310
9137831
9138259
9138609
9142093
9146910
9153516
9158167
9163404
9169811
9181463
9182305
9182923
9204783
9213591
9225484
9246979
9251930
9258800
9269846
9287646
9290201
9296742
9297922
9299770
9310471
9311704
9311917
9315401
9322478
9326574
9335555
9347585
9348326
9363787
9366762
9376975
9382915
9388942
9398689
9411490
9412309
9415200
9420771
9444238
9446359
9447166
9454766
9459503
9469497
9470955
9476900
9490340
9492430
9494028
9516847
9522678
9536954
9542284
9544637
9549259
9556452
9561475
9565186
9568092
9572611
9574496
9581682
9585694
9591874
9592498
9599666
9606105
9617357
9629825
9638472
9640940
9653604
9661336
9662386
9675766
9679965
9683193
9684921
9689534
9707738
9714098
9716518
9723506
9729795
9730359
9735688
9740488
9741083
9753775
9757911
9768230
9768907
9771082
9773666
9774885
9778736
9779520
9779612
9798162
9798635
9801125
9803954
9804835
9805730
9813877
9815474
9815841
9826660
9828624
9837347
9841663
9844321
9849314
9855029
9856305
9862672
9868935
9882032
9891206
9893094
9897815
9907496
9926435
9928310
9928637
9930766
9937790
9939877
9940899
9946077
9946883
9948409
9950561
9959335
9960511
9961610
9962603
9965168
9966622
9967214
9978552
9986913
9988631
9989630
