1004335
1010589
1015406
1024673
1031954
1038650
1039992
1046117
1057237
1065644
1080341
1095357
1096944
1110314
1112513
1155040
1164650
1170124
1206397
1207054
1211876
1213341
1215087
1215529
1222460
1227084
1234512
1253547
1262172
1264109
1268099
1269891
1278386
1278849
1280750
1281529
1287680
1289753
1293076
1294379
1303268
1307366
1309099
1310605
1313161
1327823
1330790
1334033
1345677
1348351
1367411
1379297
1382847
1385231
1395635
1397552
1409474
1424138
1425198
1430926
1433512
1433894
1434418
1439441
1456768
1459998
1467234
1489096
1502228
1508275
1513749
1514809
1527984
1535256
1536915
1541156
1542477
1556828
1565565
1611635
1622368
1622694
1631633
1634365
1639864
1641750
1646162
1648436
1652626
1655795
1676163
1677171
1683450
1685124
1689524
1691628
1693215
1699898
1700820
1704520
1721621
1723484
1740516
1744739
1752679
1753659
1757096
1760518
1765159
1801781
1808784
1811866
1812509
1812705
1815278
1819607
1822769
1834979
1835156
1836882
1839324
1843881
1845448
1847243
1851097
1860046
1861984
1866115
1890739
1901308
1910902
1918252
1924721
1934169
1940768
1955220
1959028
1959610
1960404
1962477
1971364
1971551
1980588
1989457
1991078
1991587
2000541
2002880
2003589
2006232
2007943
2024310
2026447
2029724
2030393
2045044
2046666
2047014
2054337
2057914
2058059
2064164
2070745
2071776
2074208
2093943
2095861
2102709
2112608
2113907
2118815
2123802
2125822
2133696
2136897
2137408
2146046
2146092
2147223
2159362
2169658
2177975
2194852
2206026
2206407
2206815
2214331
2214500
2215335
2222591
2226321
2230829
2248116
2249377
2258720
2277725
2280596
2289148
2295859
2299735
2315637
2322736
2323047
2326301
2340919
2351280
2353322
2357576
2360982
2374631
2375092
2381460
2383361
2396043
2411786
2418279
2425265
2430209
2443120
2451322
2454765
2459795
2460662
2462476
2464386
2464420
2476517
2479404
2486961
2489447
2494785
2512047
2516940
2520255
2521992
2530077
2536516
2542448
2545034
2551220
2558705
2569145
2571444
2575486
2577629
2587969
2597556
2599180
2602437
2602889
2604558
2614097
2617025
2642990
2645062
2649423
2654575
2665072
2671698
2680279
2684172
2685387
2689112
2697221
2698781
2728343
2732196
2735651
2749548
2753652
2759878
2764538
2765757
2766808
2771525
2781954
2782448
2788670
2789766
2793984
2803081
2805853
2816530
2834880
2835681
2839537
2851378
2856645
2863494
2865713
2867480
2878524
2880732
2884847
2894556
2899089
2904607
2904730
2905175
2910609
2910735
2920640
2927603
2928445
2930162
2934111
2935564
2941728
2942292
2961364
2965112
2966609
2968428
2971280
2983202
2986880
2989187
3001091
3003612
3008665
3011226
3039892
3040368
3041967
3043820
3044218
3045802
3061243
3061270
3068966
3075560
3083888
3092429
3097393
3100135
3102395
3102811
3122699
3125046
3130723
3131489
3142277
3146044
3150036
3156351
3156916
3166762
3173708
3180775
3183979
3200044
3201005
3205164
3205348
3210963
3216478
3220317
3220756
3232882
3237480
3238836
3240905
3241991
3244052
3246641
3251101
3254381
3264302
3264595
3265981
3267547
3268849
3269490
3272612
3275898
3278641
3279332
3281460
3298681
3301604
3312026
3342532
3342857
3345400
3348315
3357153
3358310
3361569
3369518
3372897
3374990
3402807
3416785
3421747
3421990
3423389
3425349
3425675
3428522
3430651
3433813
3438459
3439251
3440495
3448177
3448917
3452706
3455942
3460376
3464666
3468792
3473637
3481858
3483114
3483468
3485559
3493648
3501004
3512150
3517411
3521495
3525992
3532973
3542789
3560916
3573298
3575298
3581486
3591100
3592344
3598066
3603739
3616540
3618547
3620584
3621302
3633139
3635555
3646795
3654222
3654688
3661931
3670674
3670920
3671966
3678372
3679065
3683166
3701998
3714701
3725278
3734034
3743886
3752047
3754820
3769268
3775246
3777074
3779902
3793163
3804617
3805165
3811384
3813042
3823084
3840746
3843937
3845942
3846934
3847096
3867958
3870613
3878115
3886042
3887049
3888860
3889122
3893714
3903149
3906591
3907391
3912017
3915509
3919171
3922719
3930119
3937205
3967479
3976442
3978252
3982656
3989213
3998184
4012025
4016865
4017172
4017733
4030443
4037411
4065229
4065957
4067615
4076058
4077776
4085676
4090881
4091211
4092034
4096785
4102678
4104968
4105882
4109331
4110138
4117710
4131922
4138937
4143884
4156551
4164480
4171972
4174150
4181531
4181628
4184595
4190817
4195526
4203107
4206245
4219375
4223566
4225610
4227174
4227624
4230203
4233283
4247161
4249562
4264939
4270492
4284348
4287347
4297141
4298151
4307777
4330229
4330505
4335311
4344228
4344986
4347982
4354105
4362176
4372297
4373844
4373929
4376046
4395180
4399922
4403545
4406394
4409832
4410451
4418188
4419212
4438415
4440348
4459636
4476215
4480346
4488863
4490275
4495727
4501068
4511708
4517722
4520644
4543950
4548585
4549494
4549824
4555925
4562948
4568576
4568580
4570465
4578248
4578376
4579356
4584638
4584946
4590067
4605297
4605672
4608877
4619096
4625368
4630215
4635354
4643377
4648077
4652851
4655992
4658965
4661919
4665989
4676389
4695761
4695782
4696792
4698320
4699377
4699835
4709911
4713678
4713879
4717468
4744144
4749750
4761869
4762446
4773327
4774847
4781003
4784694
4786935
4794388
4798104
4805672
4813219
4813956
4816791
4824676
4826028
4842626
4848408
4849363
4849646
4852579
4854846
4865880
4867257
4872932
4878851
4888316
4891251
4895511
4898310
4898873
4899468
4902771
4907424
4914544
4915479
4924571
4928329
4930040
4944264
4945837
4949226
4958402
4969838
4975871
4989709
5013181
5022515
5029547
5038283
5040561
5043794
5047690
5050628
5051659
5054515
5055949
5059578
5061816
5066119
5074577
5075105
5075495
5075800
5093917
5121306
5121490
5123322
5133867
5142230
5148717
5152051
5156560
5160107
5162785
5164861
5165003
5165371
5170689
5177706
5178995
5179341
5185972
5194920
5209410
5216842
5231343
5234286
5234759
5240268
5241593
5253461
5256971
5258830
5272922
5279786
5281264
5287600
5300619
5311953
5319231
5330728
5331680
5336508
5339142
5340170
5343376
5352750
5358095
5366604
5378295
5395238
5406678
5418254
5434547
5436065
5441088
5441479
5451475
5455455
5458611
5458714
5477245
5480496
5482169
5488752
5502100
5504804
5517263
5519955
5520902
5523167
5523896
5530324
5536810
5550040
5550961
5555252
5558947
5564147
5566829
5567393
5568278
5571358
5572254
5574743
5580999
5581589
5585520
5588454
5591760
5625246
5627072
5630068
5630267
5639660
5647081
5647727
5649986
5659798
5667953
5673587
5683030
5691603
5694520
5694530
5698529
5702134
5703738
5715600
5725489
5728150
5737434
5754215
5755034
5767636
5775967
5777023
5781355
5786264
5802670
5806401
5812453
5821029
5826035
5828929
5832039
5834936
5843709
5852316
5855159
5861692
5867140
5874008
5875453
5878011
5884072
5889140
5894660
5895517
5900656
5901389
5902769
5904130
5911784
5915877
5923449
5950621
5955812
5964974
5967410
5968047
5973770
5979373
5985412
5996317
5998789
6007953
6010160
6010187
6011549
6029389
6032535
6042333
6046639
6047664
6049306
6055348
6067326
6070207
6084953
6094211
6099942
6114572
6115806
6123018
6124098
6126253
6135452
6140677
6143187
6154313
6154939
6155615
6165260
6166278
6169982
6177336
6185289
6190602
6196356
6223389
6237080
6237709
6249058
6252230
6259276
6280632
6282215
6285345
6293539
6305249
6309870
6318060
6319002
6319238
6343175
6348381
6356970
6364425
6373028
6376627
6377347
6389065
6400602
6401351
6404586
6406684
6408794
6415918
6418498
6419940
6423418
6427979
6429103
6430588
6446501
6459600
6462138
6481688
6482812
6485634
6491020
6495032
6500938
6510563
6519461
6526159
6526675
6526831
6533001
6537809
6545286
6561604
6568845
6574016
6579896
6584122
6602662
6617370
6628693
6636068
6636850
6637338
6638590
6644975
6650871
6652262
6662483
6665792
6670738
6678356
6681383
6692783
6704236
6711561
6715008
6717387
6732535
6739778
6748591
6755717
6760426
6760438
6761915
6770685
6778209
6796924
6796995
6797396
6809677
6815132
6817421
6826939
6837748
6838983
6839332
6841538
6845073
6859247
6874594
6877911
6889065
6899434
6903444
6922970
6932093
6933159
6936076
6941805
6948430
6955766
6955960
6958383
6972123
6974135
6976945
6986729
6988831
6992622
7002276
7004835
7015199
7018913
7039197
7045129
7045256
7050176
7053970
7056341
7056726
7056980
7062415
7063552
7073959
7074723
7084087
7086642
7088339
7092359
7121866
7125517
7131902
7147263
7163776
7164036
7170524
7176610
7178808
7185921
7188574
7190645
7198711
7203089
7203749
7204391
7215646
7219308
7222431
7222950
7227503
7241891
7249259
7253823
7280909
7285236
7292134
7295232
7303697
7305971
7308637
7317217
7322348
7323400
7327174
7327608
7330927
7341910
7342254
7348186
7360312
7363371
7376898
7380062
7380596
7383149
7385118
7407692
7411158
7421068
7434631
7445824
7465376
7466225
7468803
7472901
7493789
7496784
7497479
7500921
7514636
7517810
7521180
7541029
7555843
7558393
7564647
7568468
7570667
7576662
7580040
7590516
7592620
7599872
7601259
7603301
7627530
7629716
7634742
7635760
7653026
7653778
7654951
7661693
7671983
7672293
7672786
7686339
7688962
7698730
7698840
7704102
7710213
7712043
7715724
7716603
7717749
7726477
7741890
7744299
7751918
7753179
7766813
7768800
7771383
7786656
7795970
7796657
7796989
7805133
7806095
7806151
7808096
7813308
7816951
7838423
7843297
7844017
7845956
7850537
7859617
7868004
7878157
7882068
7883033
7914414
7915403
7915612
7921960
7922358
7934655
7937289
7952909
7953816
7965078
7978997
7979095
7988897
7995884
7996971
7998363
8028079
8042745
8071079
8076543
8089483
8096372
8106921
8113893
8116819
8117964
8121891
8137438
8156567
8167144
8179434
8187489
8193171
8197195
8213088
8213819
8217313
8229190
8244231
8253227
8257642
8257890
8264830
8279111
8279426
8284631
8291883
8292767
8299974
8311065
8313983
8318607
8322296
8323366
8332586
8335075
8340237
8341465
8350085
8353516
8362409
8376207
8382780
8389554
8390283
8390332
8403815
8419583
8429976
8435786
8444853
8445577
8449848
8458228
8465392
8467419
8469715
8477316
8487202
8488217
8499006
8505402
8506027
8514113
8521102
8521466
8533128
8542794
8546605
8553939
8560438
8561819
8566136
8569797
8570005
8581608
8590122
8599595
8600877
8601833
8603662
8603755
8606735
8607448
8612963
8614747
8620939
8622874
8627708
8628343
8632547
8636392
8638470
8652535
8658945
8662744
8675320
8678654
8680166
8683231
8690309
8693312
8694542
8699260
8704436
8709377
8713467
8716989
8735052
8738695
8747468
8748979
8770313
8773695
8775360
8784578
8792847
8792869
8793786
8795055
8815348
8817540
8818341
8825621
8841905
8849971
8859006
8859258
8863397
8863563
8865724
8873757
8885942
8894469
8895047
8905733
8923307
8929462
8929530
8946516
8947423
8968215
8969779
8970905
8980932
8981362
8995976
8996599
8998200
8998554
9003554
9004160
9007517
9011332
9014744
9018901
9024195
9029748
9038373
9041955
9053447
9056320
9060157
9066512
9068252
9071229
9076697
9096016
9099441
9101273
9103975
9110890
9114256
9116324
9120686
9124104
9133686
9135190
9137194
9146411
9147083
9162935
9166484
9171401
9179342
9188164
9199357
9205699
9206910
9208761
9229631
9229911
9231772
9249159
9253525
9253729
9260460
9262526
9271941
9279639
9282465
9283613
9292901
9293421
9294376
9317651
9322542
9323974
9325830
9328733
9337114
9339974
9346158
9352189
9380517
9382476
9394072
9394780
9395227
9401779
9405410
9412180
9422647
9429860
9441618
9442340
9442762
9442812
9467466
9467981
9468712
9471977
9475732
9480018
9483453
9485964
9486038
9508713
9531456
9531866
9546020
9547014
9553045
9560941
9562483
9566353
9572332
9594876
9596671
9598549
9634993
9657933
9660020
9664140
9671390
9672432
9673780
9684102
9700844
9707829
9708355
9710181
9712958
9729084
9734991
9735049
9735260
9737010
9744774
9745078
9745381
9750404
9768710
9775772
9778779
9792893
9793730
9799686
9803527
9805046
9807971
9808280
9818422
9819266
9822270
9824129
9833023
9834070
9834947
9839712
9845370
9848816
9850453
9856423
9871521
9889325
9893143
9903865
9903878
9904207
9910666
9917449
9919247
9920608
9924124
9925681
9932867
9936039
9942358
9946268
9953180
9953202
9953728
9967014
9970944
9971278
9982152
9995154
9998161
9999850
